0 cc 1 0
0 cc 7 127
0 cc 10 64
0 cc 11 127
0 cc 64 0
1.0 note 24 127 0.8
2.1 note 25 127 0.8
3.2 note 26 127 0.8
4.300000000000001 note 27 127 0.8
5.4 note 28 127 0.8
6.5 note 29 127 0.8
7.6 note 30 127 0.8
8.7 note 31 127 0.8
9.799999999999999 note 32 127 0.8
10.899999999999999 note 33 127 0.8
11.999999999999998 note 34 127 0.8
13.099999999999998 note 35 127 0.8
14.199999999999998 note 36 127 0.8
15.299999999999997 note 37 127 0.8
16.4 note 38 127 0.8
17.5 note 39 127 0.8
18.6 note 40 127 0.8
19.700000000000003 note 41 127 0.8
20.800000000000004 note 42 127 0.8
21.900000000000006 note 43 127 0.8
23.000000000000007 note 44 127 0.8
24.10000000000001 note 45 127 0.8
25.20000000000001 note 46 127 0.8
26.30000000000001 note 47 127 0.8
27.400000000000013 note 48 127 0.8
28.500000000000014 note 49 127 0.8
29.600000000000016 note 50 127 0.8
30.700000000000017 note 51 127 0.8
31.80000000000002 note 52 127 0.8
32.90000000000002 note 53 127 0.8
34.00000000000002 note 54 127 0.8
35.10000000000002 note 55 127 0.8
36.200000000000024 note 56 127 0.8
37.300000000000026 note 57 127 0.8
38.40000000000003 note 58 127 0.8
39.50000000000003 note 59 127 0.8
40.60000000000003 note 60 127 0.8
41.70000000000003 note 61 127 0.8
42.80000000000003 note 62 127 0.8
43.900000000000034 note 63 127 0.8
45.000000000000036 note 64 127 0.8
46.10000000000004 note 65 127 0.8
47.20000000000004 note 66 127 0.8
48.250 cc 21 0
48.250 cc 22 0
48.250 cc 23 0
48.300 note 67 127 0.08
48.450 cc 21 0
48.450 cc 22 0
48.450 cc 23 127
48.500 note 67 127 0.08
48.650 cc 21 0
48.650 cc 22 127
48.650 cc 23 0
48.700 note 67 127 0.08
48.850 cc 21 0
48.850 cc 22 127
48.850 cc 23 127
48.900 note 67 127 0.08
49.050 cc 21 127
49.050 cc 22 0
49.050 cc 23 0
49.100 note 67 127 0.08
49.250 cc 21 127
49.250 cc 22 0
49.250 cc 23 127
49.300 note 67 127 0.08
49.450 cc 21 127
49.450 cc 22 127
49.450 cc 23 0
49.500 note 67 127 0.08
49.650 cc 21 127
49.650 cc 22 127
49.650 cc 23 127
49.700 note 67 127 0.08
49.850 cc 21 0
49.850 cc 22 0
49.850 cc 23 0
49.900 note 68 127 0.08
50.050 cc 21 0
50.050 cc 22 0
50.050 cc 23 127
50.100 note 68 127 0.08
50.250 cc 21 0
50.250 cc 22 127
50.250 cc 23 0
50.300 note 68 127 0.08
50.450 cc 21 0
50.450 cc 22 127
50.450 cc 23 127
50.500 note 68 127 0.08
50.650 cc 21 127
50.650 cc 22 0
50.650 cc 23 0
50.700 note 68 127 0.08
50.850 cc 21 127
50.850 cc 22 0
50.850 cc 23 127
50.900 note 68 127 0.08
51.050 cc 21 127
51.050 cc 22 127
51.050 cc 23 0
51.100 note 68 127 0.08
51.250 cc 21 127
51.250 cc 22 127
51.250 cc 23 127
51.300 note 68 127 0.08
51.450 cc 21 0
51.450 cc 22 0
51.450 cc 23 0
51.500 note 69 127 0.08
51.650 cc 21 0
51.650 cc 22 0
51.650 cc 23 127
51.700 note 69 127 0.08
51.850 cc 21 0
51.850 cc 22 127
51.850 cc 23 0
51.900 note 69 127 0.08
52.050 cc 21 0
52.050 cc 22 127
52.050 cc 23 127
52.100 note 69 127 0.08
52.250 cc 21 127
52.250 cc 22 0
52.250 cc 23 0
52.300 note 69 127 0.08
52.450 cc 21 127
52.450 cc 22 0
52.450 cc 23 127
52.500 note 69 127 0.08
52.650 cc 21 127
52.650 cc 22 127
52.650 cc 23 0
52.700 note 69 127 0.08
52.850 cc 21 127
52.850 cc 22 127
52.850 cc 23 127
52.900 note 69 127 0.08
53.050 cc 21 0
53.050 cc 22 0
53.050 cc 23 0
53.100 note 70 127 0.08
53.250 cc 21 0
53.250 cc 22 0
53.250 cc 23 127
53.300 note 70 127 0.08
53.450 cc 21 0
53.450 cc 22 127
53.450 cc 23 0
53.500 note 70 127 0.08
53.650 cc 21 0
53.650 cc 22 127
53.650 cc 23 127
53.700 note 70 127 0.08
53.850 cc 21 127
53.850 cc 22 0
53.850 cc 23 0
53.900 note 70 127 0.08
54.050 cc 21 127
54.050 cc 22 0
54.050 cc 23 127
54.100 note 70 127 0.08
54.250 cc 21 127
54.250 cc 22 127
54.250 cc 23 0
54.300 note 70 127 0.08
54.450 cc 21 127
54.450 cc 22 127
54.450 cc 23 127
54.500 note 70 127 0.08
54.650 cc 21 0
54.650 cc 22 0
54.650 cc 23 0
54.700 note 71 127 0.08
54.850 cc 21 0
54.850 cc 22 0
54.850 cc 23 127
54.900 note 71 127 0.08
55.050 cc 21 0
55.050 cc 22 127
55.050 cc 23 0
55.100 note 71 127 0.08
55.250 cc 21 0
55.250 cc 22 127
55.250 cc 23 127
55.300 note 71 127 0.08
55.450 cc 21 127
55.450 cc 22 0
55.450 cc 23 0
55.500 note 71 127 0.08
55.650 cc 21 127
55.650 cc 22 0
55.650 cc 23 127
55.700 note 71 127 0.08
55.850 cc 21 127
55.850 cc 22 127
55.850 cc 23 0
55.900 note 71 127 0.08
56.050 cc 21 127
56.050 cc 22 127
56.050 cc 23 127
56.100 note 71 127 0.08
56.250 cc 21 0
56.250 cc 22 0
56.250 cc 23 0
56.300 note 72 127 0.08
56.450 cc 21 0
56.450 cc 22 0
56.450 cc 23 127
56.500 note 72 127 0.08
56.650 cc 21 0
56.650 cc 22 127
56.650 cc 23 0
56.700 note 72 127 0.08
56.850 cc 21 0
56.850 cc 22 127
56.850 cc 23 127
56.900 note 72 127 0.08
57.050 cc 21 127
57.050 cc 22 0
57.050 cc 23 0
57.100 note 72 127 0.08
57.250 cc 21 127
57.250 cc 22 0
57.250 cc 23 127
57.300 note 72 127 0.08
57.450 cc 21 127
57.450 cc 22 127
57.450 cc 23 0
57.500 note 72 127 0.08
57.650 cc 21 127
57.650 cc 22 127
57.650 cc 23 127
57.700 note 72 127 0.08
57.850 cc 21 0
57.850 cc 22 0
57.850 cc 23 0
57.900 note 73 127 0.08
58.050 cc 21 0
58.050 cc 22 0
58.050 cc 23 127
58.100 note 73 127 0.08
58.250 cc 21 0
58.250 cc 22 127
58.250 cc 23 0
58.300 note 73 127 0.08
58.450 cc 21 0
58.450 cc 22 127
58.450 cc 23 127
58.500 note 73 127 0.08
58.650 cc 21 127
58.650 cc 22 0
58.650 cc 23 0
58.700 note 73 127 0.08
58.850 cc 21 127
58.850 cc 22 0
58.850 cc 23 127
58.900 note 73 127 0.08
59.050 cc 21 127
59.050 cc 22 127
59.050 cc 23 0
59.100 note 73 127 0.08
59.250 cc 21 127
59.250 cc 22 127
59.250 cc 23 127
59.300 note 73 127 0.08
59.450 cc 21 0
59.450 cc 22 0
59.450 cc 23 0
59.500 note 74 127 0.08
59.650 cc 21 0
59.650 cc 22 0
59.650 cc 23 127
59.700 note 74 127 0.08
59.850 cc 21 0
59.850 cc 22 127
59.850 cc 23 0
59.900 note 74 127 0.08
60.050 cc 21 0
60.050 cc 22 127
60.050 cc 23 127
60.100 note 74 127 0.08
60.250 cc 21 127
60.250 cc 22 0
60.250 cc 23 0
60.300 note 74 127 0.08
60.450 cc 21 127
60.450 cc 22 0
60.450 cc 23 127
60.500 note 74 127 0.08
60.650 cc 21 127
60.650 cc 22 127
60.650 cc 23 0
60.700 note 74 127 0.08
60.850 cc 21 127
60.850 cc 22 127
60.850 cc 23 127
60.900 note 74 127 0.08
61.050 cc 21 0
61.050 cc 22 0
61.050 cc 23 0
61.100 note 75 127 0.08
61.250 cc 21 0
61.250 cc 22 0
61.250 cc 23 127
61.300 note 75 127 0.08
61.450 cc 21 0
61.450 cc 22 127
61.450 cc 23 0
61.500 note 75 127 0.08
61.650 cc 21 0
61.650 cc 22 127
61.650 cc 23 127
61.700 note 75 127 0.08
61.850 cc 21 127
61.850 cc 22 0
61.850 cc 23 0
61.900 note 75 127 0.08
62.050 cc 21 127
62.050 cc 22 0
62.050 cc 23 127
62.100 note 75 127 0.08
62.250 cc 21 127
62.250 cc 22 127
62.250 cc 23 0
62.300 note 75 127 0.08
62.450 cc 21 127
62.450 cc 22 127
62.450 cc 23 127
62.500 note 75 127 0.08
63.200 end
