pages,phase,median_us,p99_us,heap_calls
768,fill,0.040,1.120,0
768,churn,0.050,0.090,0
6144,fill,0.040,1.330,0
6144,churn,0.050,0.140,0
