0.0 cc 1 127
0.0 cc 11 127
0.0 cc 20 36
0.5 cc 100 40
0.6 note 48 100 3.0
6.5 cc 100 0
6.6 note 48 100 3.0
12.5 cc 100 8
12.6 note 48 100 3.0
18.5 cc 100 16
18.6 note 48 100 3.0
24.5 cc 100 24
24.6 note 48 100 3.0
30.5 cc 100 32
30.6 note 48 100 3.0
36.5 cc 100 40
36.6 note 48 100 3.0
42.5 cc 100 48
42.6 note 48 100 3.0
48.5 cc 100 56
48.6 note 48 100 3.0
54.5 cc 100 64
54.6 note 48 100 3.0
60.5 cc 100 72
60.6 note 48 100 3.0
66.5 cc 100 80
66.6 note 48 100 3.0
72.5 cc 100 88
72.6 note 48 100 3.0
78.5 cc 100 96
78.6 note 48 100 3.0
84.5 end
