# Vista 3 Cellos solo script (solo_group.ksp in slot 1): groups 1,4,5,33,36 at CC100 0/64/127, CC1=CC11=127
0.0 cc 1 127
0.0 cc 11 127
0.1 cc 20 1
0.2 cc 100 0
0.6 note 48 100 3.0
6.1 cc 20 1
6.2 cc 100 64
6.6 note 48 100 3.0
12.1 cc 20 1
12.2 cc 100 127
12.6 note 48 100 3.0
18.1 cc 20 4
18.2 cc 100 0
18.6 note 48 100 3.0
24.1 cc 20 4
24.2 cc 100 64
24.6 note 48 100 3.0
30.1 cc 20 4
30.2 cc 100 127
30.6 note 48 100 3.0
36.1 cc 20 5
36.2 cc 100 0
36.6 note 48 100 3.0
42.1 cc 20 5
42.2 cc 100 64
42.6 note 48 100 3.0
48.1 cc 20 5
48.2 cc 100 127
48.6 note 48 100 3.0
54.1 cc 20 33
54.2 cc 100 0
54.6 note 48 100 3.0
60.1 cc 20 33
60.2 cc 100 64
60.6 note 48 100 3.0
66.1 cc 20 33
66.2 cc 100 127
66.6 note 48 100 3.0
72.1 cc 20 36
72.2 cc 100 0
72.6 note 48 100 3.0
78.1 cc 20 36
78.2 cc 100 64
78.6 note 48 100 3.0
84.1 cc 20 36
84.2 cc 100 127
84.6 note 48 100 3.0
91.0 end
